0 0 614 410 456 567 558 457 505 495 420 532 405 612 586 377 513 495 
0 0 0 0 0 0 0 0 0 0 0 0 0 0 0 0 0 0 
0 0 614 410 456 567 558 457 504 493 424 527 404 617 589 377 509 490 
0 0 0 0 0 0 0 0 0 0 0 0 0 0 0 0 0 0 
0 0 614 410 456 567 558 457 502 490 431 530 398 608 590 370 505 486 
0 0 0 0 0 0 0 0 0 0 0 0 0 0 0 0 0 0 
0 0 614 410 456 567 558 457 502 487 440 542 388 584 590 358 501 481 
0 0 0 0 0 0 0 0 0 0 0 0 0 0 0 0 0 0 
0 0 614 410 456 567 558 457 503 484 450 559 376 554 588 347 498 477 
0 0 0 0 0 0 0 0 0 0 0 0 0 0 0 0 0 0 
0 0 614 410 456 567 558 457 504 482 459 579 365 529 586 340 496 473 
0 0 0 0 0 0 0 0 0 0 0 0 0 0 0 0 0 0 
0 0 614 410 456 567 558 457 504 480 467 597 356 511 584 340 495 470 
0 0 0 0 0 0 0 0 0 0 0 0 0 0 0 0 0 0 
0 0 614 410 456 567 558 457 504 479 472 611 353 505 586 349 495 470 
0 0 0 0 0 0 0 0 0 0 0 0 0 0 0 0 0 0 
0 0 614 410 456 567 558 457 504 480 473 620 356 512 591 364 495 471 
0 0 0 0 0 0 0 0 0 0 0 0 0 0 0 0 0 0 
0 0 614 410 456 567 558 457 504 483 473 620 364 529 599 382 497 474 
0 0 0 0 0 0 0 0 0 0 0 0 0 0 0 0 0 0 
0 0 614 410 456 567 558 457 503 485 472 614 375 554 608 401 499 478 
0 0 0 0 0 0 0 0 0 0 0 0 0 0 0 0 0 0 
0 0 614 410 456 567 558 457 502 488 471 604 384 580 617 416 503 483 
0 0 0 0 0 0 0 0 0 0 0 0 0 0 0 0 0 0 
0 0 614 410 456 567 558 457 503 491 473 595 390 598 624 426 507 487 
0 0 0 0 0 0 0 0 0 0 0 0 0 0 0 0 0 0 
0 0 614 410 456 567 558 457 504 494 475 591 393 601 629 425 511 492 
0 0 0 0 0 0 0 0 0 0 0 0 0 0 0 0 0 0 
0 0 614 410 456 567 558 457 506 496 480 589 390 599 631 421 515 497 
0 0 0 0 0 0 0 0 0 0 0 0 0 0 0 0 0 0 
0 0 614 410 456 567 558 457 508 497 483 584 388 602 633 419 519 500 
0 0 0 0 0 0 0 0 0 0 0 0 0 0 0 0 0 0 
0 0 614 410 456 567 558 457 511 498 476 576 404 609 642 418 524 504 
0 0 0 0 0 0 0 0 0 0 0 0 0 0 0 0 0 0 
0 0 614 410 456 567 558 457 514 498 462 567 431 620 654 419 529 508 
0 0 0 0 0 0 0 0 0 0 0 0 0 0 0 0 0 0 
0 0 614 410 456 567 558 457 517 497 444 557 460 632 665 421 533 511 
0 0 0 0 0 0 0 0 0 0 0 0 0 0 0 0 0 0 
0 0 614 410 456 567 558 457 519 496 425 548 483 643 669 423 536 512 
0 0 0 0 0 0 0 0 0 0 0 0 0 0 0 0 0 0 
0 0 614 410 456 567 558 457 520 496 407 541 497 650 665 423 538 513 
0 0 0 0 0 0 0 0 0 0 0 0 0 0 0 0 0 0 
0 0 614 410 456 567 558 457 520 496 395 538 498 651 654 421 538 513 
0 0 0 0 0 0 0 0 0 0 0 0 0 0 0 0 0 0 
0 0 614 410 456 567 558 457 519 496 389 537 487 645 638 415 536 512 
0 0 0 0 0 0 0 0 0 0 0 0 0 0 0 0 0 0 
0 0 614 410 456 567 558 457 516 497 391 538 466 636 619 406 533 510 
0 0 0 0 0 0 0 0 0 0 0 0 0 0 0 0 0 0 
0 0 614 410 456 567 558 457 514 498 399 539 440 626 601 397 528 508 
0 0 0 0 0 0 0 0 0 0 0 0 0 0 0 0 0 0 
0 0 614 410 456 567 558 457 510 498 410 538 416 618 587 388 524 504 
0 0 0 0 0 0 0 0 0 0 0 0 0 0 0 0 0 0 
0 0 614 410 456 567 558 457 508 497 417 536 403 612 581 381 519 500 
0 0 0 0 0 0 0 0 0 0 0 0 0 0 0 0 0 0 
