0 0 614 410 456 567 558 457 496 510 797 217 520 492 613 405 523 510 
0 0 0 0 0 0 0 0 0 0 0 0 0 0 0 0 0 0 
0 0 614 410 456 567 558 457 492 520 767 247 534 488 667 353 523 510 
0 0 0 0 0 0 0 0 0 0 0 0 0 0 0 0 0 0 
0 0 614 410 456 567 558 457 492 520 767 247 534 488 667 353 523 510 
0 0 0 0 0 0 0 0 0 0 0 0 0 0 0 0 0 0 
0 0 614 410 456 567 558 457 492 526 825 279 456 554 561 375 516 510 
0 0 0 0 0 0 0 0 0 0 0 0 0 0 0 0 0 0 
0 0 614 410 456 567 558 457 492 526 825 279 456 554 561 375 516 510 
0 0 0 0 0 0 0 0 0 0 0 0 0 0 0 0 0 0 
0 0 614 410 456 567 558 457 496 510 797 217 520 492 613 405 523 510 
0 0 0 0 0 0 0 0 0 0 0 0 0 0 0 0 0 0 
0 0 614 410 456 567 558 457 496 510 797 217 520 492 613 405 523 510 
0 0 0 0 0 0 0 0 0 0 0 0 0 0 0 0 0 0 
0 0 614 410 456 567 558 457 492 519 726 195 465 570 641 458 523 510 
0 0 0 0 0 0 0 0 0 0 0 0 0 0 0 0 0 0 
0 0 614 410 456 567 558 457 492 519 726 195 465 570 641 458 523 510 
0 0 0 0 0 0 0 0 0 0 0 0 0 0 0 0 0 0 
0 0 614 410 456 567 558 457 496 510 797 217 520 492 613 405 523 510 
0 0 0 0 0 0 0 0 0 0 0 0 0 0 0 0 0 0 
